% main.m
clear;
clc;
% Define parent indices
parent_id_arr = [0 1 2 3 4 5 6 7]; % MATLAB indices start from 1

% Define screw axes for each joint (7x6 matrix)
S_arr = repmat([0 0 1 0 0 0], 8, 1); % 7x6 matrix

% Define inertia matrices for each link (as cell array)
Imat_arr = cell(8,1);

% Inertia matrices for each link
% Imat_arr{1} = [0.0745  0  0.035  0 -0.35 0;
%                      0  0.1345  0  0.35  0  0.5;
%                      0.035  0  0.08  0  -0.5  0;
%                      0  -0.35  0  5  0  0;
%                     0.35  0  0.5  0  5  0;
%                     0  -0.5  0  0  0 5];

Imat_arr{1} = [0.05  0  0  0 0 0;
                     0  0.06  0  0  0  0;
                     0  0  0.03  0  0  0;
                     0  0  0  5  0  0;
                    0  0  0  0  5  0;
                    0  0  0  0  0 5]*0;

Imat_arr{2} = [0.161200000000000  0.000000000000000  0.000000000000000  0.000000000000000 -0.480000000000000 -0.120000000000000;
                     0.000000000000000  0.147600000000000  0.014400000000000  0.480000000000000  0.000000000000000  0.000000000000000;
                     0.000000000000000  0.014400000000000  0.023600000000000  0.120000000000000  0.000000000000000  0.000000000000000;
                     0.000000000000000  0.480000000000000  0.120000000000000  4.000000000000000  0.000000000000000  0.000000000000000;
                    -0.480000000000000  0.000000000000000  0.000000000000000  0.000000000000000  4.000000000000000  0.000000000000000;
                    -0.120000000000000  0.000000000000000  0.000000000000000  0.000000000000000  0.000000000000000  4.000000000000000];

Imat_arr{2} = [0.161200000000000  0.000000000000000  0.000000000000000  0.000000000000000 -0.480000000000000 -0.120000000000000;
                     0.000000000000000  0.147600000000000  0.014400000000000  0.480000000000000  0.000000000000000  0.000000000000000;
                     0.000000000000000  0.014400000000000  0.023600000000000  0.120000000000000  0.000000000000000  0.000000000000000;
                     0.000000000000000  0.480000000000000  0.120000000000000  4.000000000000000  0.000000000000000  0.000000000000000;
                    -0.480000000000000  0.000000000000000  0.000000000000000  0.000000000000000  4.000000000000000  0.000000000000000;
                    -0.120000000000000  0.000000000000000  0.000000000000000  0.000000000000000  0.000000000000000  4.000000000000000];

Imat_arr{3} =[0.070980000000000 -0.000070800000000 -0.000050400000000  0.000000000000000 -0.168000000000000  0.236000000000000;
                    -0.000070800000000  0.025056360000000 -0.009912000000000  0.168000000000000  0.000000000000000 -0.001200000000000;
                    -0.000050400000000 -0.009912000000000  0.057924360000000 -0.236000000000000  0.001200000000000  0.000000000000000;
                     0.000000000000000  0.168000000000000 -0.236000000000000  4.000000000000000  0.000000000000000  0.000000000000000;
                    -0.168000000000000  0.000000000000000  0.001200000000000  0.000000000000000  4.000000000000000  0.000000000000000;
                     0.236000000000000 -0.001200000000000  0.000000000000000  0.000000000000000  0.000000000000000  4.000000000000000];

Imat_arr{4} =[0.133400000000000  0.000000000000000  0.000000000000000  0.000000000000000 -0.390000000000000  0.090000000000000;
                     0.000000000000000  0.125700000000000 -0.011700000000000  0.390000000000000  0.000000000000000  0.000000000000000;
                     0.000000000000000 -0.011700000000000  0.012700000000000 -0.090000000000000  0.000000000000000  0.000000000000000;
                     0.000000000000000  0.390000000000000 -0.090000000000000  3.000000000000000  0.000000000000000  0.000000000000000;
                    -0.390000000000000  0.000000000000000  0.000000000000000  0.000000000000000  3.000000000000000  0.000000000000000;
                     0.090000000000000  0.000000000000000  0.000000000000000  0.000000000000000  0.000000000000000  3.000000000000000];
Imat_arr{5} = [0.045241500000000  0.000000000000000  0.000000000000000  0.000000000000000 -0.091800000000000  0.180900000000000;
                     0.000000000000000  0.013121200000000 -0.006150600000000  0.091800000000000  0.000000000000000  0.000000000000000;
                     0.000000000000000 -0.006150600000000  0.041120300000000 -0.180900000000000  0.000000000000000  0.000000000000000;
                     0.000000000000000  0.091800000000000 -0.180900000000000  2.700000000000000  0.000000000000000  0.000000000000000;
                    -0.091800000000000  0.000000000000000  0.000000000000000  0.000000000000000  2.700000000000000  0.000000000000000;
                     0.180900000000000  0.000000000000000  0.000000000000000  0.000000000000000  0.000000000000000  2.700000000000000];

Imat_arr{6} = [0.030568900000000 -0.000003570000000 -0.000012920000000  0.000000000000000 -0.129200000000000  0.035700000000000;
                    -0.000003570000000  0.027819217000000 -0.002713200000000  0.129200000000000  0.000000000000000 -0.000170000000000;
                    -0.000012920000000 -0.002713200000000  0.005749717000000 -0.035700000000000  0.000170000000000  0.000000000000000;
                     0.000000000000000  0.129200000000000 -0.035700000000000  1.700000000000000  0.000000000000000  0.000000000000000;
                    -0.129200000000000  0.000000000000000  0.000170000000000  0.000000000000000  1.700000000000000  0.000000000000000;
                     0.035700000000000 -0.000170000000000  0.000000000000000  0.000000000000000  0.000000000000000  1.700000000000000];

Imat_arr{7} = [0.005000936000000  0.000000000000000  0.000000000000000  0.000000000000000 -0.000720000000000  0.001080000000000;
                     0.000000000000000  0.003600288000000 -0.000000432000000  0.000720000000000  0.000000000000000  0.000000000000000;
                     0.000000000000000 -0.000000432000000  0.004700648000000 -0.001080000000000  0.000000000000000  0.000000000000000;
                     0.000000000000000  0.000720000000000 -0.001080000000000  1.800000000000000  0.000000000000000  0.000000000000000;
                    -0.000720000000000  0.000000000000000  0.000000000000000  0.000000000000000  1.800000000000000  0.000000000000000;
                     0.001080000000000  0.000000000000000  0.000000000000000  0.000000000000000  0.000000000000000  1.800000000000000];

Imat_arr{8} =[0.001120000000000  0.000000000000000  0.000000000000000  0.000000000000000 -0.006000000000000  0.000000000000000;
                     0.000000000000000  0.001120000000000  0.000000000000000  0.006000000000000  0.000000000000000  0.000000000000000;
                     0.000000000000000  0.000000000000000  0.001000000000000  0.000000000000000  0.000000000000000  0.000000000000000;
                     0.000000000000000  0.006000000000000  0.000000000000000  0.300000000000000  0.000000000000000  0.000000000000000;
                    -0.006000000000000  0.000000000000000  0.000000000000000  0.000000000000000  0.300000000000000  0.000000000000000;
                     0.000000000000000  0.000000000000000  0.000000000000000  0.000000000000000  0.000000000000000  0.300000000000000];
% Define joint states
q = [0.5,1,1.5,2,2.5,3,3.5]/2;
qd = [0.08125,0.1625,0.24375,0.325,0.40625,0.4875,0.56875];
qdd = [-0.01,-0.02,-0.03,-0.04,-0.05,-0.06,-0.07];

num_joints = 7;
n=num_joints ;
% Load xmat functions
xmat_func_arr = {@xmat0, @xmat1, @xmat2, @xmat3, @xmat4, @xmat5, @xmat6};

% Evaluate xmat functions and store results
Xmat_arr = zeros(6,6,n);
for ind = 1:n
    Xmat_arr(:,:,ind) = xmat_func_arr{ind}(q(ind));
end

% Compute v, a, f using forward recursion
GRAVITY = 0;

% base parameter in body frame
r0_d = [-0.082225442222993,
-0.084060635585379,
-0.18485546731623,
0.013251624615936,
-0.020786586017093,
0.019193898225041];
r0_dd = [0.0012022338619596,
-0.014086840207186,
0.039413403786886,
0.0069674312112818,
-0.001388607931108,
0.0039960770914796];

[v, a, f] = rnea_fpass_floating(n, parent_id_arr, Xmat_arr, S_arr, Imat_arr, qd, qdd, r0_d ,r0_dd);
c = rnea_bpass_floating(num_joints, Xmat_arr,f );
disp(vpa(c))
